,Interest,Week
0,0.75,2004-01-04 - 2004-01-10
1,0.921568627451,2004-01-11 - 2004-01-17
2,1.29411764706,2004-01-18 - 2004-01-24
3,1.17307692308,2004-01-25 - 2004-01-31
4,0.963636363636,2004-02-01 - 2004-02-07
5,1.11111111111,2004-02-08 - 2004-02-14
6,1.03703703704,2004-02-15 - 2004-02-21
7,1.01818181818,2004-02-22 - 2004-02-28
8,1.37288135593,2004-02-29 - 2004-03-06
9,1.72413793103,2004-03-07 - 2004-03-13
10,0.641509433962,2004-03-14 - 2004-03-20
11,0.962962962963,2004-03-21 - 2004-03-27
12,1.0,2004-03-28 - 2004-04-03
13,0.944444444444,2004-04-04 - 2004-04-10
14,1.57142857143,2004-04-11 - 2004-04-17
15,1.35185185185,2004-04-18 - 2004-04-24
16,0.777777777778,2004-04-25 - 2004-05-01
17,0.735849056604,2004-05-02 - 2004-05-08
18,0.666666666667,2004-05-09 - 2004-05-15
19,0.65306122449,2004-05-16 - 2004-05-22
20,0.854166666667,2004-05-23 - 2004-05-29
21,0.893617021277,2004-05-30 - 2004-06-05
22,0.760869565217,2004-06-06 - 2004-06-12
23,1.04347826087,2004-06-13 - 2004-06-19
24,0.644444444444,2004-06-20 - 2004-06-26
25,1.44444444444,2004-06-27 - 2004-07-03
26,0.886363636364,2004-07-04 - 2004-07-10
27,1.08695652174,2004-07-11 - 2004-07-17
28,0.644444444444,2004-07-18 - 2004-07-24
29,1.11111111111,2004-07-25 - 2004-07-31
30,0.681818181818,2004-08-01 - 2004-08-07
31,0.837209302326,2004-08-08 - 2004-08-14
32,0.727272727273,2004-08-15 - 2004-08-21
33,1.31818181818,2004-08-22 - 2004-08-28
34,0.521739130435,2004-08-29 - 2004-09-04
35,0.760869565217,2004-09-05 - 2004-09-11
36,0.979166666667,2004-09-12 - 2004-09-18
37,0.448979591837,2004-09-19 - 2004-09-25
38,0.673469387755,2004-09-26 - 2004-10-02
39,0.6,2004-10-03 - 2004-10-09
40,1.41176470588,2004-10-10 - 2004-10-16
41,0.816326530612,2004-10-17 - 2004-10-23
42,1.09803921569,2004-10-24 - 2004-10-30
43,1.08163265306,2004-10-31 - 2004-11-06
44,0.632653061224,2004-11-07 - 2004-11-13
45,1.17647058824,2004-11-14 - 2004-11-20
46,0.777777777778,2004-11-21 - 2004-11-27
47,1.02040816327,2004-11-28 - 2004-12-04
48,1.34693877551,2004-12-05 - 2004-12-11
49,0.844444444444,2004-12-12 - 2004-12-18
50,0.868421052632,2004-12-19 - 2004-12-25
51,0.486486486486,2004-12-26 - 2005-01-01
52,0.581395348837,2005-01-02 - 2005-01-08
53,1.4,2005-01-09 - 2005-01-15
54,1.08888888889,2005-01-16 - 2005-01-22
55,0.755555555556,2005-01-23 - 2005-01-29
56,1.23913043478,2005-01-30 - 2005-02-05
57,0.777777777778,2005-02-06 - 2005-02-12
58,0.934782608696,2005-02-13 - 2005-02-19
59,1.21276595745,2005-02-20 - 2005-02-26
60,1.02173913043,2005-02-27 - 2005-03-05
61,1.13043478261,2005-03-06 - 2005-03-12
62,0.521739130435,2005-03-13 - 2005-03-19
63,1.0,2005-03-20 - 2005-03-26
64,0.886363636364,2005-03-27 - 2005-04-02
65,0.957446808511,2005-04-03 - 2005-04-09
66,1.23913043478,2005-04-10 - 2005-04-16
67,0.739130434783,2005-04-17 - 2005-04-23
68,1.23913043478,2005-04-24 - 2005-04-30
69,0.847826086957,2005-05-01 - 2005-05-07
70,1.11363636364,2005-05-08 - 2005-05-14
71,1.30952380952,2005-05-15 - 2005-05-21
72,1.0,2005-05-22 - 2005-05-28
73,0.625,2005-05-29 - 2005-06-04
74,0.825,2005-06-05 - 2005-06-11
75,1.15384615385,2005-06-12 - 2005-06-18
76,1.02564102564,2005-06-19 - 2005-06-25
77,1.10526315789,2005-06-26 - 2005-07-02
78,0.666666666667,2005-07-03 - 2005-07-09
79,0.736842105263,2005-07-10 - 2005-07-16
80,0.972972972973,2005-07-17 - 2005-07-23
81,1.08108108108,2005-07-24 - 2005-07-30
82,1.27777777778,2005-07-31 - 2005-08-06
83,1.40540540541,2005-08-07 - 2005-08-13
84,0.837837837838,2005-08-14 - 2005-08-20
85,0.789473684211,2005-08-21 - 2005-08-27
86,0.891891891892,2005-08-28 - 2005-09-03
87,0.641025641026,2005-09-04 - 2005-09-10
88,0.95,2005-09-11 - 2005-09-17
89,0.926829268293,2005-09-18 - 2005-09-24
90,0.829268292683,2005-09-25 - 2005-10-01
91,0.627906976744,2005-10-02 - 2005-10-08
92,1.35714285714,2005-10-09 - 2005-10-15
93,1.06976744186,2005-10-16 - 2005-10-22
94,0.809523809524,2005-10-23 - 2005-10-29
95,1.16666666667,2005-10-30 - 2005-11-05
96,0.52380952381,2005-11-06 - 2005-11-12
97,0.928571428571,2005-11-13 - 2005-11-19
98,0.763157894737,2005-11-20 - 2005-11-26
99,1.17073170732,2005-11-27 - 2005-12-03
100,1.09756097561,2005-12-04 - 2005-12-10
101,0.948717948718,2005-12-11 - 2005-12-17
102,0.69696969697,2005-12-18 - 2005-12-24
103,0.689655172414,2005-12-25 - 2005-12-31
104,0.588235294118,2006-01-01 - 2006-01-07
105,0.621621621622,2006-01-08 - 2006-01-14
106,1.0,2006-01-15 - 2006-01-21
107,0.973684210526,2006-01-22 - 2006-01-28
108,1.13157894737,2006-01-29 - 2006-02-04
109,1.23684210526,2006-02-05 - 2006-02-11
110,1.18918918919,2006-02-12 - 2006-02-18
111,0.973684210526,2006-02-19 - 2006-02-25
112,0.641025641026,2006-02-26 - 2006-03-04
113,1.0,2006-03-05 - 2006-03-11
114,1.0,2006-03-12 - 2006-03-18
115,1.34210526316,2006-03-19 - 2006-03-25
116,1.75675675676,2006-03-26 - 2006-04-01
117,1.23684210526,2006-04-02 - 2006-04-08
118,1.45945945946,2006-04-09 - 2006-04-15
119,1.32432432432,2006-04-16 - 2006-04-22
120,0.815789473684,2006-04-23 - 2006-04-29
121,1.16216216216,2006-04-30 - 2006-05-06
122,1.19444444444,2006-05-07 - 2006-05-13
123,0.857142857143,2006-05-14 - 2006-05-20
124,0.970588235294,2006-05-21 - 2006-05-27
125,0.911764705882,2006-05-28 - 2006-06-03
126,0.823529411765,2006-06-04 - 2006-06-10
127,1.05882352941,2006-06-11 - 2006-06-17
128,1.03125,2006-06-18 - 2006-06-24
129,1.16666666667,2006-06-25 - 2006-07-01
130,0.689655172414,2006-07-02 - 2006-07-08
131,0.903225806452,2006-07-09 - 2006-07-15
132,1.06666666667,2006-07-16 - 2006-07-22
133,1.0,2006-07-23 - 2006-07-29
134,0.833333333333,2006-07-30 - 2006-08-05
135,0.965517241379,2006-08-06 - 2006-08-12
136,0.633333333333,2006-08-13 - 2006-08-19
137,0.709677419355,2006-08-20 - 2006-08-26
138,1.0,2006-08-27 - 2006-09-02
139,0.935483870968,2006-09-03 - 2006-09-09
140,1.14705882353,2006-09-10 - 2006-09-16
141,1.02941176471,2006-09-17 - 2006-09-23
142,0.852941176471,2006-09-24 - 2006-09-30
143,0.794117647059,2006-10-01 - 2006-10-07
144,0.857142857143,2006-10-08 - 2006-10-14
145,0.970588235294,2006-10-15 - 2006-10-21
146,0.764705882353,2006-10-22 - 2006-10-28
147,0.8,2006-10-29 - 2006-11-04
148,0.823529411765,2006-11-05 - 2006-11-11
149,0.885714285714,2006-11-12 - 2006-11-18
150,0.838709677419,2006-11-19 - 2006-11-25
151,0.970588235294,2006-11-26 - 2006-12-02
152,0.941176470588,2006-12-03 - 2006-12-09
153,1.12121212121,2006-12-10 - 2006-12-16
154,0.814814814815,2006-12-17 - 2006-12-23
155,0.434782608696,2006-12-24 - 2006-12-30
156,0.962962962963,2006-12-31 - 2007-01-06
157,1.09677419355,2007-01-07 - 2007-01-13
158,0.935483870968,2007-01-14 - 2007-01-20
159,1.0,2007-01-21 - 2007-01-27
160,1.0625,2007-01-28 - 2007-02-03
161,1.06451612903,2007-02-04 - 2007-02-10
162,1.1935483871,2007-02-11 - 2007-02-17
163,1.625,2007-02-18 - 2007-02-24
164,1.25,2007-02-25 - 2007-03-03
165,1.375,2007-03-04 - 2007-03-10
166,1.03125,2007-03-11 - 2007-03-17
167,1.25,2007-03-18 - 2007-03-24
168,0.625,2007-03-25 - 2007-03-31
169,1.3,2007-04-01 - 2007-04-07
170,1.12903225806,2007-04-08 - 2007-04-14
171,1.03125,2007-04-15 - 2007-04-21
172,1.0625,2007-04-22 - 2007-04-28
173,1.09375,2007-04-29 - 2007-05-05
174,1.03125,2007-05-06 - 2007-05-12
175,0.806451612903,2007-05-13 - 2007-05-19
176,1.23333333333,2007-05-20 - 2007-05-26
177,0.896551724138,2007-05-27 - 2007-06-02
178,1.13333333333,2007-06-03 - 2007-06-09
179,1.10344827586,2007-06-10 - 2007-06-16
180,1.03571428571,2007-06-17 - 2007-06-23
181,1.48148148148,2007-06-24 - 2007-06-30
182,0.884615384615,2007-07-01 - 2007-07-07
183,1.14814814815,2007-07-08 - 2007-07-14
184,1.07407407407,2007-07-15 - 2007-07-21
185,0.814814814815,2007-07-22 - 2007-07-28
186,1.33333333333,2007-07-29 - 2007-08-04
187,1.07407407407,2007-08-05 - 2007-08-11
188,0.807692307692,2007-08-12 - 2007-08-18
189,1.0,2007-08-19 - 2007-08-25
190,0.777777777778,2007-08-26 - 2007-09-01
191,1.25,2007-09-02 - 2007-09-08
192,1.03333333333,2007-09-09 - 2007-09-15
193,0.709677419355,2007-09-16 - 2007-09-22
194,1.0,2007-09-23 - 2007-09-29
195,0.774193548387,2007-09-30 - 2007-10-06
196,1.0,2007-10-07 - 2007-10-13
197,1.5625,2007-10-14 - 2007-10-20
198,1.22580645161,2007-10-21 - 2007-10-27
199,0.870967741935,2007-10-28 - 2007-11-03
200,1.38709677419,2007-11-04 - 2007-11-10
201,1.32258064516,2007-11-11 - 2007-11-17
202,0.933333333333,2007-11-18 - 2007-11-24
203,1.06060606061,2007-11-25 - 2007-12-01
204,1.0303030303,2007-12-02 - 2007-12-08
205,1.06666666667,2007-12-09 - 2007-12-15
206,1.04,2007-12-16 - 2007-12-22
207,0.95,2007-12-23 - 2007-12-29
208,0.913043478261,2007-12-30 - 2008-01-05
209,1.0,2008-01-06 - 2008-01-12
210,0.655172413793,2008-01-13 - 2008-01-19
211,0.785714285714,2008-01-20 - 2008-01-26
212,1.0,2008-01-27 - 2008-02-02
213,1.41379310345,2008-02-03 - 2008-02-09
214,1.20689655172,2008-02-10 - 2008-02-16
215,1.06896551724,2008-02-17 - 2008-02-23
216,0.966666666667,2008-02-24 - 2008-03-01
217,1.0,2008-03-02 - 2008-03-08
218,0.933333333333,2008-03-09 - 2008-03-15
219,1.14814814815,2008-03-16 - 2008-03-22
220,0.964285714286,2008-03-23 - 2008-03-29
221,1.16666666667,2008-03-30 - 2008-04-05
222,1.13333333333,2008-04-06 - 2008-04-12
223,1.56666666667,2008-04-13 - 2008-04-19
224,1.43333333333,2008-04-20 - 2008-04-26
225,1.13333333333,2008-04-27 - 2008-05-03
226,0.827586206897,2008-05-04 - 2008-05-10
227,0.965517241379,2008-05-11 - 2008-05-17
228,0.666666666667,2008-05-18 - 2008-05-24
229,1.03846153846,2008-05-25 - 2008-05-31
230,0.962962962963,2008-06-01 - 2008-06-07
231,1.38461538462,2008-06-08 - 2008-06-14
232,1.0,2008-06-15 - 2008-06-21
233,1.04,2008-06-22 - 2008-06-28
234,0.916666666667,2008-06-29 - 2008-07-05
235,0.88,2008-07-06 - 2008-07-12
236,0.88,2008-07-13 - 2008-07-19
237,1.32,2008-07-20 - 2008-07-26
238,0.75,2008-07-27 - 2008-08-02
239,0.583333333333,2008-08-03 - 2008-08-09
240,0.791666666667,2008-08-10 - 2008-08-16
241,0.791666666667,2008-08-17 - 2008-08-23
242,1.04,2008-08-24 - 2008-08-30
243,0.807692307692,2008-08-31 - 2008-09-06
244,0.793103448276,2008-09-07 - 2008-09-13
245,0.862068965517,2008-09-14 - 2008-09-20
246,0.931034482759,2008-09-21 - 2008-09-27
247,1.03571428571,2008-09-28 - 2008-10-04
248,0.896551724138,2008-10-05 - 2008-10-11
249,0.827586206897,2008-10-12 - 2008-10-18
250,1.03448275862,2008-10-19 - 2008-10-25
251,0.892857142857,2008-10-26 - 2008-11-01
252,0.931034482759,2008-11-02 - 2008-11-08
253,1.03333333333,2008-11-09 - 2008-11-15
254,1.10344827586,2008-11-16 - 2008-11-22
255,1.0,2008-11-23 - 2008-11-29
256,1.0,2008-11-30 - 2008-12-06
257,0.862068965517,2008-12-07 - 2008-12-13
258,0.846153846154,2008-12-14 - 2008-12-20
259,0.789473684211,2008-12-21 - 2008-12-27
260,0.6,2008-12-28 - 2009-01-03
261,0.807692307692,2009-01-04 - 2009-01-10
262,1.0,2009-01-11 - 2009-01-17
263,0.740740740741,2009-01-18 - 2009-01-24
264,0.925925925926,2009-01-25 - 2009-01-31
265,1.10714285714,2009-02-01 - 2009-02-07
266,1.21428571429,2009-02-08 - 2009-02-14
267,1.17857142857,2009-02-15 - 2009-02-21
268,1.20689655172,2009-02-22 - 2009-02-28
269,1.1724137931,2009-03-01 - 2009-03-07
270,1.28571428571,2009-03-08 - 2009-03-14
271,1.25,2009-03-15 - 2009-03-21
272,0.931034482759,2009-03-22 - 2009-03-28
273,1.06896551724,2009-03-29 - 2009-04-04
274,1.17857142857,2009-04-05 - 2009-04-11
275,1.10714285714,2009-04-12 - 2009-04-18
276,1.06666666667,2009-04-19 - 2009-04-25
277,0.862068965517,2009-04-26 - 2009-05-02
278,1.10714285714,2009-05-03 - 2009-05-09
279,1.07142857143,2009-05-10 - 2009-05-16
280,1.07407407407,2009-05-17 - 2009-05-23
281,1.07692307692,2009-05-24 - 2009-05-30
282,0.846153846154,2009-05-31 - 2009-06-06
283,1.34615384615,2009-06-07 - 2009-06-13
284,0.92,2009-06-14 - 2009-06-20
285,0.791666666667,2009-06-21 - 2009-06-27
286,0.913043478261,2009-06-28 - 2009-07-04
287,0.958333333333,2009-07-05 - 2009-07-11
288,0.916666666667,2009-07-12 - 2009-07-18
289,0.916666666667,2009-07-19 - 2009-07-25
290,0.958333333333,2009-07-26 - 2009-08-01
291,0.958333333333,2009-08-02 - 2009-08-08
292,1.0,2009-08-09 - 2009-08-15
293,0.708333333333,2009-08-16 - 2009-08-22
294,0.68,2009-08-23 - 2009-08-29
295,0.923076923077,2009-08-30 - 2009-09-05
296,1.18518518519,2009-09-06 - 2009-09-12
297,0.964285714286,2009-09-13 - 2009-09-19
298,0.964285714286,2009-09-20 - 2009-09-26
299,0.857142857143,2009-09-27 - 2009-10-03
300,1.13793103448,2009-10-04 - 2009-10-10
301,1.06896551724,2009-10-11 - 2009-10-17
302,1.03448275862,2009-10-18 - 2009-10-24
303,1.10344827586,2009-10-25 - 2009-10-31
304,0.8,2009-11-01 - 2009-11-07
305,0.896551724138,2009-11-08 - 2009-11-14
306,0.966666666667,2009-11-15 - 2009-11-21
307,1.0,2009-11-22 - 2009-11-28
308,1.20689655172,2009-11-29 - 2009-12-05
309,1.10714285714,2009-12-06 - 2009-12-12
310,0.769230769231,2009-12-13 - 2009-12-19
311,0.842105263158,2009-12-20 - 2009-12-26
312,0.684210526316,2009-12-27 - 2010-01-02
313,0.96,2010-01-03 - 2010-01-09
314,0.923076923077,2010-01-10 - 2010-01-16
315,0.851851851852,2010-01-17 - 2010-01-23
316,1.14285714286,2010-01-24 - 2010-01-30
317,1.25,2010-01-31 - 2010-02-06
318,1.22222222222,2010-02-07 - 2010-02-13
319,1.03703703704,2010-02-14 - 2010-02-20
320,1.28571428571,2010-02-21 - 2010-02-27
321,1.34482758621,2010-02-28 - 2010-03-06
322,1.1724137931,2010-03-07 - 2010-03-13
323,1.28571428571,2010-03-14 - 2010-03-20
324,1.32142857143,2010-03-21 - 2010-03-27
325,1.25925925926,2010-03-28 - 2010-04-03
326,1.14814814815,2010-04-04 - 2010-04-10
327,1.53571428571,2010-04-11 - 2010-04-17
328,1.31034482759,2010-04-18 - 2010-04-24
329,1.13793103448,2010-04-25 - 2010-05-01
330,1.24137931034,2010-05-02 - 2010-05-08
331,1.0,2010-05-09 - 2010-05-15
332,1.0,2010-05-16 - 2010-05-22
333,0.923076923077,2010-05-23 - 2010-05-29
334,0.8,2010-05-30 - 2010-06-05
335,1.04,2010-06-06 - 2010-06-12
336,0.875,2010-06-13 - 2010-06-19
337,1.08333333333,2010-06-20 - 2010-06-26
338,0.869565217391,2010-06-27 - 2010-07-03
339,0.818181818182,2010-07-04 - 2010-07-10
340,0.695652173913,2010-07-11 - 2010-07-17
341,0.95652173913,2010-07-18 - 2010-07-24
342,0.826086956522,2010-07-25 - 2010-07-31
343,0.826086956522,2010-08-01 - 2010-08-07
344,0.652173913043,2010-08-08 - 2010-08-14
345,0.869565217391,2010-08-15 - 2010-08-21
346,0.708333333333,2010-08-22 - 2010-08-28
347,0.583333333333,2010-08-29 - 2010-09-04
348,0.68,2010-09-05 - 2010-09-11
349,0.814814814815,2010-09-12 - 2010-09-18
350,0.888888888889,2010-09-19 - 2010-09-25
351,0.888888888889,2010-09-26 - 2010-10-02
352,1.21428571429,2010-10-03 - 2010-10-09
353,0.777777777778,2010-10-10 - 2010-10-16
354,1.03571428571,2010-10-17 - 2010-10-23
355,0.892857142857,2010-10-24 - 2010-10-30
356,0.888888888889,2010-10-31 - 2010-11-06
357,0.851851851852,2010-11-07 - 2010-11-13
358,0.892857142857,2010-11-14 - 2010-11-20
359,1.0,2010-11-21 - 2010-11-27
360,1.03703703704,2010-11-28 - 2010-12-04
361,1.07407407407,2010-12-05 - 2010-12-11
362,0.84,2010-12-12 - 2010-12-18
363,0.842105263158,2010-12-19 - 2010-12-25
364,0.555555555556,2010-12-26 - 2011-01-01
365,0.625,2011-01-02 - 2011-01-08
366,1.04,2011-01-09 - 2011-01-15
367,1.15384615385,2011-01-16 - 2011-01-22
368,0.807692307692,2011-01-23 - 2011-01-29
369,1.12,2011-01-30 - 2011-02-05
370,1.11111111111,2011-02-06 - 2011-02-12
371,1.03703703704,2011-02-13 - 2011-02-19
372,1.19230769231,2011-02-20 - 2011-02-26
373,1.18518518519,2011-02-27 - 2011-03-05
374,0.925925925926,2011-03-06 - 2011-03-12
375,1.07692307692,2011-03-13 - 2011-03-19
376,1.18518518519,2011-03-20 - 2011-03-26
377,1.0,2011-03-27 - 2011-04-02
378,1.14814814815,2011-04-03 - 2011-04-09
379,1.40740740741,2011-04-10 - 2011-04-16
380,1.38461538462,2011-04-17 - 2011-04-23
381,0.961538461538,2011-04-24 - 2011-04-30
382,1.19230769231,2011-05-01 - 2011-05-07
383,1.11538461538,2011-05-08 - 2011-05-14
384,0.923076923077,2011-05-15 - 2011-05-21
385,0.84,2011-05-22 - 2011-05-28
386,1.04166666667,2011-05-29 - 2011-06-04
387,0.68,2011-06-05 - 2011-06-11
388,0.791666666667,2011-06-12 - 2011-06-18
389,0.869565217391,2011-06-19 - 2011-06-25
390,0.772727272727,2011-06-26 - 2011-07-02
391,0.727272727273,2011-07-03 - 2011-07-09
392,0.909090909091,2011-07-10 - 2011-07-16
393,0.909090909091,2011-07-17 - 2011-07-23
394,0.863636363636,2011-07-24 - 2011-07-30
395,0.772727272727,2011-07-31 - 2011-08-06
396,0.727272727273,2011-08-07 - 2011-08-13
397,0.681818181818,2011-08-14 - 2011-08-20
398,0.782608695652,2011-08-21 - 2011-08-27
399,0.652173913043,2011-08-28 - 2011-09-03
400,0.958333333333,2011-09-04 - 2011-09-10
401,0.807692307692,2011-09-11 - 2011-09-17
402,0.888888888889,2011-09-18 - 2011-09-24
403,0.814814814815,2011-09-25 - 2011-10-01
404,1.07407407407,2011-10-02 - 2011-10-08
405,0.75,2011-10-09 - 2011-10-15
406,0.928571428571,2011-10-16 - 2011-10-22
407,0.925925925926,2011-10-23 - 2011-10-29
408,1.14814814815,2011-10-30 - 2011-11-05
409,0.962962962963,2011-11-06 - 2011-11-12
410,1.0,2011-11-13 - 2011-11-19
411,0.96,2011-11-20 - 2011-11-26
412,0.964285714286,2011-11-27 - 2011-12-03
413,1.07407407407,2011-12-04 - 2011-12-10
414,0.923076923077,2011-12-11 - 2011-12-17
415,0.75,2011-12-18 - 2011-12-24
416,0.555555555556,2011-12-25 - 2011-12-31
417,0.590909090909,2012-01-01 - 2012-01-07
418,0.68,2012-01-08 - 2012-01-14
419,0.92,2012-01-15 - 2012-01-21
420,0.923076923077,2012-01-22 - 2012-01-28
421,1.0,2012-01-29 - 2012-02-04
422,1.14814814815,2012-02-05 - 2012-02-11
423,1.11538461538,2012-02-12 - 2012-02-18
424,1.11111111111,2012-02-19 - 2012-02-25
425,1.18518518519,2012-02-26 - 2012-03-03
426,1.03703703704,2012-03-04 - 2012-03-10
427,1.15384615385,2012-03-11 - 2012-03-17
428,1.26923076923,2012-03-18 - 2012-03-24
429,1.07692307692,2012-03-25 - 2012-03-31
430,0.96,2012-04-01 - 2012-04-07
431,1.08,2012-04-08 - 2012-04-14
432,1.2962962963,2012-04-15 - 2012-04-21
433,1.37037037037,2012-04-22 - 2012-04-28
434,1.0,2012-04-29 - 2012-05-05
435,0.884615384615,2012-05-06 - 2012-05-12
436,0.923076923077,2012-05-13 - 2012-05-19
437,0.92,2012-05-20 - 2012-05-26
438,0.95652173913,2012-05-27 - 2012-06-02
439,0.75,2012-06-03 - 2012-06-09
440,0.916666666667,2012-06-10 - 2012-06-16
441,0.913043478261,2012-06-17 - 2012-06-23
442,0.863636363636,2012-06-24 - 2012-06-30
443,0.761904761905,2012-07-01 - 2012-07-07
444,0.909090909091,2012-07-08 - 2012-07-14
445,1.0,2012-07-15 - 2012-07-21
446,0.863636363636,2012-07-22 - 2012-07-28
447,0.857142857143,2012-07-29 - 2012-08-04
448,0.809523809524,2012-08-05 - 2012-08-11
449,0.727272727273,2012-08-12 - 2012-08-18
450,0.782608695652,2012-08-19 - 2012-08-25
451,0.75,2012-08-26 - 2012-09-01
452,0.88,2012-09-02 - 2012-09-08
453,0.814814814815,2012-09-09 - 2012-09-15
454,0.777777777778,2012-09-16 - 2012-09-22
455,0.821428571429,2012-09-23 - 2012-09-29
456,0.740740740741,2012-09-30 - 2012-10-06
457,0.814814814815,2012-10-07 - 2012-10-13
458,0.925925925926,2012-10-14 - 2012-10-20
459,0.851851851852,2012-10-21 - 2012-10-27
460,1.08,2012-10-28 - 2012-11-03
461,0.961538461538,2012-11-04 - 2012-11-10
462,0.807692307692,2012-11-11 - 2012-11-17
463,0.875,2012-11-18 - 2012-11-24
464,0.851851851852,2012-11-25 - 2012-12-01
465,0.962962962963,2012-12-02 - 2012-12-08
466,1.03846153846,2012-12-09 - 2012-12-15
467,0.727272727273,2012-12-16 - 2012-12-22
468,0.5,2012-12-23 - 2012-12-29
469,0.736842105263,2012-12-30 - 2013-01-05
470,0.75,2013-01-06 - 2013-01-12
471,0.72,2013-01-13 - 2013-01-19
472,0.875,2013-01-20 - 2013-01-26
473,1.04,2013-01-27 - 2013-02-02
474,1.07692307692,2013-02-03 - 2013-02-09
475,1.04,2013-02-10 - 2013-02-16
476,1.07692307692,2013-02-17 - 2013-02-23
477,1.11538461538,2013-02-24 - 2013-03-02
478,1.25925925926,2013-03-03 - 2013-03-09
479,1.15384615385,2013-03-10 - 2013-03-16
480,1.0,2013-03-17 - 2013-03-23
481,1.16666666667,2013-03-24 - 2013-03-30
482,0.96,2013-03-31 - 2013-04-06
483,1.07692307692,2013-04-07 - 2013-04-13
484,1.11111111111,2013-04-14 - 2013-04-20
485,1.03703703704,2013-04-21 - 2013-04-27
486,0.961538461538,2013-04-28 - 2013-05-04
487,1.03846153846,2013-05-05 - 2013-05-11
488,0.92,2013-05-12 - 2013-05-18
489,0.791666666667,2013-05-19 - 2013-05-25
490,0.782608695652,2013-05-26 - 2013-06-01
491,0.833333333333,2013-06-02 - 2013-06-08
492,0.652173913043,2013-06-09 - 2013-06-15
493,0.863636363636,2013-06-16 - 2013-06-22
494,0.952380952381,2013-06-23 - 2013-06-29
495,0.85,2013-06-30 - 2013-07-06
496,0.857142857143,2013-07-07 - 2013-07-13
497,0.904761904762,2013-07-14 - 2013-07-20
498,0.857142857143,2013-07-21 - 2013-07-27
499,0.809523809524,2013-07-28 - 2013-08-03
500,0.8,2013-08-04 - 2013-08-10
501,0.6,2013-08-11 - 2013-08-17
502,0.857142857143,2013-08-18 - 2013-08-24
503,0.681818181818,2013-08-25 - 2013-08-31
504,0.708333333333,2013-09-01 - 2013-09-07
505,0.76,2013-09-08 - 2013-09-14
506,0.807692307692,2013-09-15 - 2013-09-21
507,0.807692307692,2013-09-22 - 2013-09-28
508,0.814814814815,2013-09-29 - 2013-10-05
509,0.777777777778,2013-10-06 - 2013-10-12
510,0.961538461538,2013-10-13 - 2013-10-19
511,1.0,2013-10-20 - 2013-10-26
512,0.884615384615,2013-10-27 - 2013-11-02
513,0.925925925926,2013-11-03 - 2013-11-09
514,1.0,2013-11-10 - 2013-11-16
515,1.07407407407,2013-11-17 - 2013-11-23
516,0.791666666667,2013-11-24 - 2013-11-30
517,1.03846153846,2013-12-01 - 2013-12-07
518,1.0,2013-12-08 - 2013-12-14
519,0.739130434783,2013-12-15 - 2013-12-21
520,0.8125,2013-12-22 - 2013-12-28
521,0.722222222222,2013-12-29 - 2014-01-04
522,0.708333333333,2014-01-05 - 2014-01-11
523,0.84,2014-01-12 - 2014-01-18
524,0.88,2014-01-19 - 2014-01-25
525,0.96,2014-01-26 - 2014-02-01
526,0.923076923077,2014-02-02 - 2014-02-08
527,0.923076923077,2014-02-09 - 2014-02-15
528,1.11538461538,2014-02-16 - 2014-02-22
529,1.07407407407,2014-02-23 - 2014-03-01
530,1.18518518519,2014-03-02 - 2014-03-08
531,1.19230769231,2014-03-09 - 2014-03-15
532,1.03846153846,2014-03-16 - 2014-03-22
533,0.923076923077,2014-03-23 - 2014-03-29
534,1.03846153846,2014-03-30 - 2014-04-05
535,1.11538461538,2014-04-06 - 2014-04-12
536,0.88,2014-04-13 - 2014-04-19
537,1.0,2014-04-20 - 2014-04-26
538,1.07692307692,2014-04-27 - 2014-05-03
539,1.03846153846,2014-05-04 - 2014-05-10
540,0.96,2014-05-11 - 2014-05-17
541,1.08,2014-05-18 - 2014-05-24
542,0.869565217391,2014-05-25 - 2014-05-31
543,0.791666666667,2014-06-01 - 2014-06-07
544,0.826086956522,2014-06-08 - 2014-06-14
545,0.772727272727,2014-06-15 - 2014-06-21
546,0.761904761905,2014-06-22 - 2014-06-28
547,0.7,2014-06-29 - 2014-07-05
548,0.619047619048,2014-07-06 - 2014-07-12
549,0.809523809524,2014-07-13 - 2014-07-19
550,0.809523809524,2014-07-20 - 2014-07-26
551,0.8,2014-07-27 - 2014-08-02
552,0.714285714286,2014-08-03 - 2014-08-09
553,0.761904761905,2014-08-10 - 2014-08-16
554,0.727272727273,2014-08-17 - 2014-08-23
555,0.652173913043,2014-08-24 - 2014-08-30
556,0.75,2014-08-31 - 2014-09-06
557,0.653846153846,2014-09-07 - 2014-09-13
558,0.888888888889,2014-09-14 - 2014-09-20
559,0.703703703704,2014-09-21 - 2014-09-27
560,0.703703703704,2014-09-28 - 2014-10-04
561,0.703703703704,2014-10-05 - 2014-10-11
562,0.814814814815,2014-10-12 - 2014-10-18
563,1.0,2014-10-19 - 2014-10-25
564,0.925925925926,2014-10-26 - 2014-11-01
565,0.888888888889,2014-11-02 - 2014-11-08
566,0.892857142857,2014-11-09 - 2014-11-15
567,0.928571428571,2014-11-16 - 2014-11-22
568,1.04166666667,2014-11-23 - 2014-11-29
569,0.925925925926,2014-11-30 - 2014-12-06
570,1.0,2014-12-07 - 2014-12-13
571,0.826086956522,2014-12-14 - 2014-12-20
572,0.6875,2014-12-21 - 2014-12-27
573,0.764705882353,2014-12-28 - 2015-01-03
574,0.782608695652,2015-01-04 - 2015-01-10
575,0.88,2015-01-11 - 2015-01-17
576,0.84,2015-01-18 - 2015-01-24
577,0.884615384615,2015-01-25 - 2015-01-31
578,1.11538461538,2015-02-01 - 2015-02-07
579,0.961538461538,2015-02-08 - 2015-02-14
580,1.2,2015-02-15 - 2015-02-21
581,1.15384615385,2015-02-22 - 2015-02-28
582,1.03846153846,2015-03-01 - 2015-03-07
583,1.07692307692,2015-03-08 - 2015-03-14
584,0.923076923077,2015-03-15 - 2015-03-21
585,1.0,2015-03-22 - 2015-03-28
586,1.0,2015-03-29 - 2015-04-04
587,1.12,2015-04-05 - 2015-04-11
588,1.0,2015-04-12 - 2015-04-18
589,1.14814814815,2015-04-19 - 2015-04-25
590,1.03703703704,2015-04-26 - 2015-05-02
591,0.961538461538,2015-05-03 - 2015-05-09
592,0.923076923077,2015-05-10 - 2015-05-16
593,0.833333333333,2015-05-17 - 2015-05-23
594,0.826086956522,2015-05-24 - 2015-05-30
595,0.708333333333,2015-05-31 - 2015-06-06
596,0.739130434783,2015-06-07 - 2015-06-13
597,0.727272727273,2015-06-14 - 2015-06-20
598,0.857142857143,2015-06-21 - 2015-06-27
599,0.75,2015-06-28 - 2015-07-04
600,0.714285714286,2015-07-05 - 2015-07-11
601,0.714285714286,2015-07-12 - 2015-07-18
602,0.666666666667,2015-07-19 - 2015-07-25
603,0.666666666667,2015-07-26 - 2015-08-01
604,0.761904761905,2015-08-02 - 2015-08-08
605,0.666666666667,2015-08-09 - 2015-08-15
606,0.636363636364,2015-08-16 - 2015-08-22
607,0.681818181818,2015-08-23 - 2015-08-29
608,0.625,2015-08-30 - 2015-09-05
609,0.68,2015-09-06 - 2015-09-12
610,0.846153846154,2015-09-13 - 2015-09-19
611,0.692307692308,2015-09-20 - 2015-09-26
612,0.769230769231,2015-09-27 - 2015-10-03
613,0.925925925926,2015-10-04 - 2015-10-10
614,1.0,2015-10-11 - 2015-10-17
615,0.888888888889,2015-10-18 - 2015-10-24
616,0.888888888889,2015-10-25 - 2015-10-31
617,0.892857142857,2015-11-01 - 2015-11-07
618,0.888888888889,2015-11-08 - 2015-11-14
619,0.962962962963,2015-11-15 - 2015-11-21
620,0.95652173913,2015-11-22 - 2015-11-28
621,0.962962962963,2015-11-29 - 2015-12-05
622,1.03703703704,2015-12-06 - 2015-12-12
623,0.88,2015-12-13 - 2015-12-19
624,0.611111111111,2015-12-20 - 2015-12-26
625,0.764705882353,2015-12-27 - 2016-01-02
626,0.708333333333,2016-01-03 - 2016-01-09
627,0.72,2016-01-10 - 2016-01-16
628,0.846153846154,2016-01-17 - 2016-01-23
629,0.888888888889,2016-01-24 - 2016-01-30
630,1.23076923077,2016-01-31 - 2016-02-06
631,1.03846153846,2016-02-07 - 2016-02-13
632,1.03846153846,2016-02-14 - 2016-02-20
633,1.18518518519,2016-02-21 - 2016-02-27
634,1.07407407407,2016-02-28 - 2016-03-05
635,0.962962962963,2016-03-06 - 2016-03-12
636,1.03846153846,2016-03-13 - 2016-03-19
637,1.16666666667,2016-03-20 - 2016-03-26
638,1.0,2016-03-27 - 2016-04-02
639,1.0,2016-04-03 - 2016-04-09
640,1.11111111111,2016-04-10 - 2016-04-16
641,1.11111111111,2016-04-17 - 2016-04-23
642,1.14814814815,2016-04-24 - 2016-04-30
643,1.07692307692,2016-05-01 - 2016-05-07
644,0.923076923077,2016-05-08 - 2016-05-14
645,0.88,2016-05-15 - 2016-05-21
646,0.833333333333,2016-05-22 - 2016-05-28
647,0.826086956522,2016-05-29 - 2016-06-04
648,0.913043478261,2016-06-05 - 2016-06-11
649,0.727272727273,2016-06-12 - 2016-06-18
650,0.727272727273,2016-06-19 - 2016-06-25
651,0.65,2016-06-26 - 2016-07-02
